%chk=gct_Best_geom_CCSDT_VTZ.chk
%nprocshared=32
%mem=100GB
#P CCSD(T) cc-pVTZ 

start best geom PCCP paper

0 1
C               
O 1 B1          
O 1 B2 2 A1     
H 2 B3 1 A2 3 D1
C 1 B4 3 A3 2 D2
N 5 B5 1 A4 3 D3
H 5 B6 1 A5 3 D4
H 5 B7 1 A6 3 D5
H 6 B8 5 A7 1 D6
H 6 B9 5 A8 1 D7

B1	=	1.3486
B2	=	1.20239
A1	=	122.85413
B3	=	0.965152
A2	=	106.77622
D1	=	0.858776
B4	=	1.50625
A3	=	125.06726
D2	=	-176.8326
B5	=	1.45443
A4	=	111.81084
D3	=	-146.04703
B6	=	1.09773
A5	=	105.69489
D4	=	88.80239
B7	=	1.08654
A6	=	106.9966
D5	=	-25.78313
B8	=	1.00989
A7	=	110.58167
D6	=	-178.47161
B9	=	1.01063
A8	=	111.13985
D7	=	-58.48891



