%chk=gtt_Best_geom_HF_V5Z.chk
%nprocshared=32
%mem=100GB
#P HF cc-pV5Z 

start best geom PCCP paper

0 1
C
O 1 B1
O 1 B2 2 A1
H 2 B3 1 A2 3 D1
C 1 B4 3 A3 2 D2
N 5 B5 1 A4 3 D3
H 5 B6 1 A5 3 D4
H 5 B7 1 A6 3 D5
H 6 B8 5 A7 1 D6
H 6 B9 5 A8 1 D7

B1	=	1.34608
B2	=	1.20274
A1	=	123.21263
B3	=	0.96513
A2	=	106.9601
D1	=	1.12063
B4	=	1.50353
A3	=	125.17128
D2	=	178.03326
B5	=	1.44879
A4	=	110.05161
D3	=	18.04528
B6	=	1.09682
A5	=	105.6396
D4	=	-106.18775
B7	=	1.08963
A6	=	108.30581
D5	=	139.44601
B8	=	1.00859
A7	=	111.64684
D6	=	-155.36007
B9	=	1.01187
A8	=	110.28053
D7	=	-34.31555







